4294967278,340
4294967278,339
4294967278,333
215,10
215,9
215,8
215,7
215,6
215,5
215,4
215,3
215,1
215,0
4294967278,331
214,10
214,9
214,8
214,7
214,6
214,5
214,4
214,3
214,1
214,0
4294967278,330
4294967278,329
4294967278,327
4294967278,325
4294967279,313
4294967278,359
4294967279,310
4294967279,400
4294967278,354
4294967278,307
4294967278,323
4294967278,320
4294967278,447
4294967278,349
4294967278,446
4294967279,249
4294967279,382
4294967279,309
4294967279,397
4294967279,308
4294967279,307
4294967279,306
4294967279,393
4294967279,305
4294967279,304
4294967279,303
4294967294,1247
213,6
213,5
213,4
213,3
213,1
213,0
4294967279,302
4294967279,301
4294967293,141
4294967293,140
4294967293,139
4294967293,138
4294967293,137
4294967294,215
4294967279,300
4294967294,1246
212,7
212,6
212,5
212,4
212,3
212,1
212,0
211,7
211,6
211,5
211,4
211,3
211,1
211,0
4294967294,1245
210,7
210,6
210,5
210,4
210,3
210,1
210,0
209,7
209,6
209,5
209,4
209,3
209,1
209,0
4294967279,286
4294967294,1219
4294967294,1244
208,10
208,9
208,8
208,7
208,6
208,5
208,4
208,3
208,1
208,0
207,5
207,4
207,3
207,1
207,0
4294967279,233
206,10
206,9
206,8
206,7
206,6
206,5
206,4
206,3
206,1
206,0
4294967279,432
205,10
205,9
205,8
205,7
205,6
205,5
205,4
205,3
205,1
205,0
204,10
204,9
204,8
204,7
204,6
204,5
204,4
204,3
204,1
204,0
203,10
203,9
203,8
203,7
203,6
203,5
203,4
203,3
203,1
203,0
4294967294,1243
202,10
202,9
202,8
202,7
202,6
202,5
202,4
202,3
202,1
202,0
201,5
201,4
201,3
201,1
201,0
4294967279,299
4294967279,297
4294967279,296
4294967279,318
4294967279,316
4294967278,280
4294967294,1242
200,11
200,10
200,9
200,8
200,7
200,6
200,5
200,4
200,3
200,1
200,0
199,5
199,4
199,3
199,1
199,0
4294967278,445
4294967278,444
4294967279,295
4294967278,443
4294967278,442
4294967278,441
4294967294,1241
198,11
198,10
198,9
198,8
198,7
198,6
198,5
198,4
198,3
198,1
198,0
4294967279,444
4294967279,294
4294967278,440
4294967294,1240
197,9
197,8
197,7
197,6
197,5
197,4
197,3
197,1
197,0
4294967294,214
4294967294,1218
0,59
196,5
196,4
196,3
196,1
196,0
4294967279,293
4294967293,131
4294967293,130
4294967293,129
4294967293,128
4294967293,127
4294967293,126
4294967293,125
4294967293,124
4294967293,123
4294967293,122
4294967293,121
4294967293,120
4294967293,119
4294967293,118
4294967293,117
4294967293,116
4294967293,115
4294967293,114
4294967293,113
4294967293,112
4294967293,111
4294967293,110
4294967293,109
4294967293,108
4294967293,107
4294967293,106
4294967293,105
4294967293,104
4294967293,103
4294967293,102
4294967293,101
4294967293,100
4294967293,99
4294967293,98
4294967293,97
4294967293,96
4294967293,95
4294967293,94
4294967293,93
4294967293,92
4294967293,91
4294967293,90
4294967293,89
4294967293,88
4294967293,87
4294967293,86
4294967293,85
4294967293,84
4294967293,83
4294967293,82
4294967293,81
4294967293,80
4294967293,79
4294967293,78
4294967293,77
4294967293,76
4294967293,75
4294967293,74
4294967293,73
4294967293,72
4294967293,71
4294967293,70
4294967293,69
4294967293,68
4294967293,67
4294967293,66
4294967293,65
4294967293,64
4294967293,63
4294967293,62
4294967293,61
4294967293,60
4294967293,59
4294967293,58
4294967293,57
4294967293,56
4294967293,55
4294967293,54
4294967293,53
4294967293,52
4294967293,51
4294967293,50
4294967293,49
4294967293,48
4294967293,47
4294967293,46
4294967293,45
4294967293,44
4294967293,43
4294967293,42
4294967293,41
4294967293,40
4294967293,39
4294967293,38
4294967293,37
4294967293,36
4294967293,35
4294967293,34
4294967293,33
4294967293,32
4294967293,31
4294967293,30
4294967293,29
4294967293,28
4294967293,27
4294967293,26
4294967293,25
4294967293,24
4294967293,23
4294967293,22
4294967293,21
4294967293,20
4294967293,19
4294967293,18
4294967293,17
4294967293,16
4294967293,15
4294967293,14
4294967293,13
4294967293,12
4294967293,11
4294967293,10
4294967293,9
4294967293,8
4294967293,7
4294967293,6
4294967293,5
4294967293,4
4294967293,3
4294967293,2
4294967293,0
4294967278,47
4294967278,324
4294967278,176
4294967278,46
4294967278,384
4294967278,175
4294967278,45
4294967278,322
4294967278,173
4294967278,44
4294967278,279
4294967278,172
4294967278,43
4294967278,321
4294967278,171
4294967278,42
4294967278,437
