34,53
0,466
0,465
0,464
83,4
83,3
83,2
83,1
83,0
0,463
0,462
0,461
0,460
82,4
82,3
82,2
82,1
82,0
0,459
81,5
81,4
81,3
81,2
81,1
81,0
0,458
0,457
0,456
0,455
80,5
80,4
80,3
80,2
80,1
80,0
79,5
79,4
79,3
79,2
79,1
79,0
78,4
78,3
78,2
78,1
78,0
77,6
77,5
77,4
77,3
77,2
77,1
77,0
0,454
0,453
76,4
76,3
76,2
76,1
76,0
0,452
0,451
0,450
0,449
0,448
75,5
75,4
75,3
75,2
0,447
75,1
75,0
0,446
0,445
0,444
0,443
0,442
0,441
74,5
74,4
74,3
74,2
74,1
74,0
0,440
0,439
0,438
0,437
0,436
0,435
73,5
73,4
73,3
73,2
73,1
73,0
0,434
0,433
0,432
0,431
0,430
0,429
0,428
0,427
72,4
72,3
72,2
72,1
72,0
71,4
71,3
71,2
71,1
71,0
70,4
70,3
70,2
70,1
70,0
69,5
69,4
69,3
69,2
69,1
69,0
68,5
68,4
68,3
68,2
68,1
68,0
14,5
14,4
67,6
67,5
67,4
67,3
67,2
67,1
67,0
0,426
66,4
66,3
66,2
0,425
66,1
66,0
0,424
0,423
0,422
0,421
65,6
65,5
65,4
65,3
65,2
65,1
65,0
0,420
0,419
0,418
0,417
0,416
64,6
64,5
64,4
64,3
64,2
64,1
64,0
0,415
0,414
0,413
